"id","V2","V3","V4","V5","V6","V7","V8","V9","V10","V11","V12","V13","V14"
"W1",36379.1125,36435.25,36415.825,36116.5625,36397.65,35916.85,35636.6375,35485.275,35624.6625,36322.1375,36366.55,35153.275,35325.1875
"W2",3592.04,3608.42625,3592.6525,3571.13,3592.23375,3568.645,3538.11125,3517.825,3543.4625,3655.92,3574.22375,3509.9925,3481.62
"W3",9742.3625,9911.58375,9755.33875,9579.765,9663.615,9905.72375,9900.785,9727.40875,9631.8725,9919.64375,9923.0275,9758.84,9689.975
"W4",2158.40875,2253.4225,2353.07875,2634.32125,2451.39125,2705.36,2609.4075,3353.77125,2847.34375,3011.06375,3369.71125,3919.68125,4348.45125
"W5",1598.825,1614.67,1632.0425,1732.555,1733.35125,1873.79625,1743.8175,2165.1325,2192.51,1912.67625,2157.68125,1564.48,1320.5775
"W6",524.155375,574.0255,547.383,646.62475,652.06725,784.5145,723.904125,831.91775,1278.26,1072.705,974.931125,814.020625,686.490875
"W7",3497.18375,3043.87375,2711.63375,2368.8725,4532.675,3153.4725,3081.1625,2285.38125,7094.3375,7128.72375,3736.71875,2904.88875,3061.22125
"W8",3957.9875,4538.95625,5529.3175,4378.85375,6636.78625,5345.73625,5320.95375,4143.0325,4876.6825,6701.655,4335.865,3310.09625,3119.41
"W9",8127.07875,7850.18,9013.83,8464.7375,9538.46875,7867.5525,8197.485,9855.455,9866.93125,9871.83125,7843.4875,7276.02625,7223.79
"W10",5025.34875,5002.025,4902.17375,5457.35625,5372.6175,5381.06625,5376.5175,5338.195,5303.86625,5138.9375,5057.48125,4957.26,4813.2825
"W11",368.446875,341.8225,353.70975,359.365875,399.5425,460.818875,357.22775,368.4315,390.997,428.455625,387.148375,357.635625,390.943625
"W12",1042.61875,1067.3175,1080.78375,1073.18125,1071.07125,1071.74625,1065.2875,1061.18625,1044.78875,1045.45875,1053.62,1063.6175,1055.79875
"W13",2328.5,2349.89,2365.10625,2391.2625,2383.4975,2427.015,2502.14125,2493.2975,2483.00625,2389.97875,2509.03625,2586.4575,2586.305
"W14",2281.76125,2343.8075,2342.7225,2324.1775,2367.49375,2427.82125,2441.81875,2470.68,2493.9825,2451.205,2520.56875,2690.17125,2432.60875
"W15",4317.4025,4628.24625,4756.81125,4395.41375,4199.11625,4523.21125,4263.3875,4138.9375,4020.105,3594.56125,5082.9875,6871.66125,4319.0575
"W16",4313.96375,4653.97375,4771.76,4426.92625,4195.89375,4544.57,4311.12375,4182.515,4313.3525,4229.355,5286.405,7007.79875,4285.59875
"W17",11944.0375,11895.9,11931,11908.2875,11868.625,11974.9125,12011.2875,12058.4625,12088.9625,12070.6,11968.625,11922.65,11873.4875
"W18",4348.325,4401.2175,4378.5,4392.9875,4373.4725,4309.2575,4318.99,4326.66375,4313.53,4344.3725,4386.325,4371.6225,4402.80625
"W19",2863.90375,3222.59125,2699.83625,2859.9275,2730.40125,3740.89625,3056.12375,3250.715,3675.80375,7420.06,6766.74,4111.13375,3018.6075
"W20",3977.67875,4292.63625,3891.78,3896.7275,2985.51625,4186.0325,4014.61125,3815.855,2705.30125,3575.7375,5627.78625,4727.345,4204.6375
"W21",2411.14,2237.20625,2222.7325,2724.625,3030.11625,2613.855,2288.23125,2796.28625,3555.5175,3445.3125,3449.32625,2335.54125,1927.46125
"W22",3346.93375,3432.64875,3217.7975,3092.465,2770.22125,3496.0175,3064.27,3768.71625,2544.1675,3067.5375,4431.185,3615.6,3097.88375
"W23",747.116125,760.240875,749.318125,725.66775,557.636875,774.868625,751.23125,751.28125,539.881125,750.726375,1052.78875,921.439375,802.062875
"W24",7145.49,8187.2825,6956.06375,6878.7075,6699.51375,12784.6625,7871.50625,7464.3875,7502.02,20574.5125,17736.625,10228.6,7138.9525
"W25",1450.6525,1698.005,2016.98375,2265.19875,2397.3175,2727.21,2376.19125,2489.9475,2571.56875,2674.905,2821.08875,2193.8075,1954.06125
"W26",2862.42125,3120.53,3138.76125,3756.96625,3544.35875,4231.6425,3995.11625,4450.9875,4688.30875,5365.9625,8352.56875,4070.11,3789.8675
"W27",1992.465,2571.89125,2020.785,2605.31375,2675.365,3054.08,2555.56375,3317.89875,3623.43125,4148.55875,4123.54125,2704.28375,2473.07875
"W28",5227.7075,4641.45625,4989.06375,6198.71,7407.85375,5939.76375,5332.14875,9053.88875,13974.9,11124.5125,9181.73125,5886.705,5382.70125
"W29",909.0775,1094.825,975.891,994.296125,1015.527375,1484.04375,1303.675,1274.1925,1066.3375,1641.86375,2089.94375,1320.8525,1036.6855
"W30",3689.42875,3924.915,3540.0925,3937.36375,4016.14,4507.365,4087.5,4721.6425,6766.90625,5352.3375,6305.44875,4738.37875,4230.89125
"W31",860.915,940.679625,1051.0025,1272.875,1419.22375,1586.205,1306.84625,1824.195,1923.8875,1747.7825,1611.54125,1227.60125,1104.905
"W32",4823.15,4261.8175,5508.55875,4769.28125,6539,5192.93375,5734.745,6431.4875,7315.92625,6653.8175,6337.7525,5028.9075,5200.81125
"W33",1722.34125,1636.42875,1876.20125,2061.6775,2774.1925,2017.88875,2106.87125,2739.59,3436.3125,3388.6925,2173.00375,1846.1675,2063.2575
"W34",1538.4225,1473.3025,1566.2025,1367.94125,2026.41,1798.82125,1881.9975,1523.595,1734.15125,2508.365,1710.64875,1415.48875,1461.195
"W35",1189.4775,1214.275,1228.025,1108.405,2142.71,1873.94125,1446.03625,1144.4075,1265.9425,2453.32625,2078.9375,1525.11625,1641.55625
"W36",15940.75,14793.05,13409.05,14581.5375,12434.9625,10730.9,12247.2625,15020.1625,18765.7875,16237.375,13025.475,13422.4,17205.5375
"W37",2917.3125,2972.33875,2962.2875,2971.53,3017.20375,3007.74375,2984.37,3000.69875,2993.09125,2997.57625,3005.52875,2972.70875,3013.56625
"W38",3192.20875,3233.5625,3203.1325,3189.92,3184.185,3227.35875,3231.4175,3263.36875,3269.58125,3289.43375,3288.0075,3247.12625,3317.69375
"W39",5800.195,5824.67875,5789.7025,5740.84,5743.1975,5766.175,5731.235,5779.43875,5812.3775,5811,5795.3,5791.1125,5760.5975
"W40",5835.84625,5810.57625,5790.78625,5754.57375,5743.21,5735.915,5757.14125,5746.22875,5777.2225,5810.09875,5804.42625,5780.735,5763.52375
"W41",6200.455,6279.655,6253.05,6166.17625,6180.05125,6108.3125,6133.69125,6204.94625,6303.81125,6355.25375,6322.46375,6324.08375,6360.81125
"W42",6199.655,6269.9175,6284.1775,6198.37125,6182.89375,6105.24125,6120.8325,6223.0375,6310.54625,6382.91125,6351.25,6364.8775,6321.94125
"W43",6197.8775,6261.95125,6271.45625,6187.48875,6206.79125,6119.55,6089.46125,6184.94625,6288.0225,6348.555,6293.8875,6337.78375,6267.92
"W44",5857.4825,5835.52375,5782.67875,5760.1775,5799.85,5765.9825,5739.25125,5779.7,5833.7575,5815.45375,5800.63875,5767.84375,5780.1075
"W45",2969.51875,2988.585,2989.85875,2958.1475,2903.38,2933.04625,2952.4925,3003.8025,2997.50625,2971.06125,2986.21875,2977.4925,2909.95625
"W46",3369.79625,3451.17625,3440.12375,3320.2725,3302.13,3244.03625,3249.14625,3223.01375,3211.5875,3265.1675,3290.86125,3323.94375,3272.8975
"W47",2983.91625,3018.23,2979.72375,2953.325,2924.535,2952.09375,2958.2475,3004.2275,3002.335,2998.93,3022.56125,2984.1325,2919.5675
"W48",3096.01875,3105.45125,3053.92375,3040.23625,2964.08625,2942.68875,2918.265,2864.1,2910.595,2942.7925,2985.575,2914.7825,2898.99125
"W49",3280.75875,3366.56625,3307.3125,3283.1175,3231.7475,3294.54375,3278.08,3288.725,3310.87625,3314.96125,3334.345,3291.8975,3202.33375
"W50",3294.4125,3369.72,3322.32125,3283.71875,3260.96125,3307.90625,3277.8525,3296.315,3300.31875,3317.92625,3339.66875,3307.64125,3192.80125
"W51",6543.51,6590.95125,6571.12625,6514.77375,6452.1875,6443.83375,6399.705,6445.645,6345.13125,6414.51125,6436.9325,6492.34,6477.66125
"W52",7159.11125,7219.405,7139.52875,7008.32125,6884.5375,6921.2925,6953.35875,7023.17125,7067.0075,7044.21,7105.505,7215.5775,7192.9075
"W53",1903.3525,1971.595,1757.255,1787.0725,1867.02375,1826.3925,1945.4875,1988.15875,2004.57,1854.4475,1985.37125,2063.605,2033.4925
"W54",2495.44625,2494.0325,2465.3775,2475.03,2469.71625,2496.91,2493.82,2527.73875,2549.785,2569.67375,2603.5975,2602.7,2618.34
"W55",4776.8275,4782.2325,4777.42625,4566.64875,4464.49375,4372.2175,4372.17375,4130.7125,4008.8425,4092.03,4081.90125,3899.14625,3792.2775
"W56",3017.61375,3085.1525,3145.09375,3194.88375,3290.17375,3347.02875,3448.2875,3572.01625,3593.44,3693.80625,3783.4275,3816.3675,3741.34375
"W57",2110.41,2042.43125,1946.32125,1881.8325,1839.46,1775.2075,1755.92,1696.33,1609.98875,1570.97625,1555.14,1524.67625,1489.04
"W58",3381.01875,3320.59375,3325.74125,3268.25625,3245.67,3233.54375,3302.6075,3313.41125,3235.84125,3221.0325,3114.85,3050.96125,3067.5125
"W59",2185.04875,2146.57,2391.905,2396.21125,2691.39375,2541.23375,2568.30875,2572.68375,2741.95875,2069.835,2226.2325,2342.64875,2211.61125
"W60",8958.51,8920.64875,9018.005,9098.0725,9202.265,9223.50375,9236.1275,9281.28375,9219.2675,9182.6125,9274.68875,9254.9625,9314.2
"W61",9804.965,11723.275,11793.8625,10453.575,10383.4625,11261.175,11395.1125,11039.6375,10963.2,10347.675,10417.4625,10697.325,10700.3625
"W62",7225.0475,7003.0125,6981.465,7010.78375,7035.8175,7103.98,7103.1525,7237.07875,7271.70125,7586.2525,7534.68875,7595.68375,7628.50875
"W63",6006.37,6142.5,6135.59625,5924.8925,5917.00375,6230.95,6258.6425,6329.91,6302.255,6487.7825,6510.34625,6650.7375,6601.88625
"W64",12681.6,12120.9125,12984.925,14139.6,14446.0625,12521.5,12817.825,13814.1625,14540.6375,12696.5,13228.65,14768.5125,15998.6125
"W65",17941.75,17375.3375,18431.1,19613.9625,19910.425,17589.3375,18085.35,19376.0375,19993.95,18104.5,18789.55,20527.575,21964.4375
"W66",7507.185,7634.90125,7543.96375,7379.02875,7448.01375,7715.61375,7688.785,7500.63375,7520.7425,7731.11875,7718.8925,7561.99625,7426.83125
"W67",13330.75,13389.55,13494.25,13770.95,13815.5875,13709.7125,13640.9875,13745.1375,13652.5,13603.35,13677.75,13644.6625,13772.4375
"W68",6899.58375,6895.2875,6889.00125,6897.505,6875.2325,6769.27875,6797.94125,6722.78625,6712.51125,6683.40375,6707.32125,6666.4675,6678.26875
"W69",6931.28125,6883.7325,6906.495,6903.80875,6798.36375,6809.2625,6785.875,6752.06625,6713.625,6718.9475,6705.68625,6713.33875,6693.4125
"W70",2595.98625,2575.4575,2572.7625,2571.23625,2556.3875,2565.2825,2611.56125,2615.24125,2617.41,2628.8625,2601.5775,2580.41625,2594.64875
"W71",1958.825,1937.6275,1937.395,1937.16,1936.7325,1943.82375,1943.01625,1916.08,1928.03,1912.56375,1901.9625,1904.22,1916.83375
"W72",1964.75875,1940.57625,1933.95875,1934.86625,1939.1875,1927.18875,1934.0275,1929.78375,1935.6475,1906.03,1908.27,1919.8725,1939.77125
"W73",1952.17875,1934.12375,1935.13875,1946.875,1950.335,1938.70625,1938.91875,1919.11625,1937.35,1922.83,1915.19375,1920.29875,1930.585
"W74",4538.31125,4471.02375,4577.6825,5016.05,4068.6,4047.77625,4400.28375,4326.86,4115.38375,4267.8975,4899.08875,5916.76625,5909.76875
"W75",24597.4875,24778.9875,26364.5875,26034.3875,25663.0625,25258.025,25328.125,24403.9125,24751.625,25328.3625,25893.4625,27797.3,25728.55
"W76",530.795375,560.519625,577.52025,567.981125,451.854,466.8775,488.614125,495.386375,502.89725,511.293375,521.36725,524.599,528.283625
"W77",3279.75125,3740.1875,3368.0975,2553.82,4075.23625,4715.315,5402.6075,4949.2125,4753.13,3928.54875,4897.9,5167.025,4919.8375
"W78",3434.7775,3648.2725,2902.1125,2799.66,3983.47375,4586.15625,4848.66375,4852.68875,4926.955,5358.415,4967.3075,5522.33125,4610.84125
"W79",1455.805,1370.93,1464.77375,1489.30625,1486.0025,1499.56625,1448.03875,1460.2225,1473.35625,1446.19125,1472.26625,1501.80125,1508.405
"W80",1383.88125,1450.27625,1486.86375,1490.4125,1506.86375,1449.4975,1448.99875,1503.02125,1458.8975,1479.90375,1512.1375,1557.27625,1568.23375
"W81",24611.525,25057.875,26046.4125,26846.3375,26064.75,25799.4875,25436.275,25483.6875,24583.275,25517.15,25917.25,27820.45,27592.775
"W82",4433.27375,4442.1275,4441.89125,4430.19625,4448.4175,4457.77875,4460.32,4441.2175,4481.085,4482.58,4497.535,4494.9175,4489.70125
"W83",6047.84,6027.515,6046.27625,6042.21,6058.22375,6063.41125,6088.73625,6113.09125,6076.05125,6105.69375,6109.99875,6107.43125,6035.53875
"W84",6004.24125,6054.49625,6045.92125,6098.985,6099.03125,6034.91375,6130.175,6141.5025,6103.26125,6099.00625,6097.34375,6083.30875,6070.37
"W85",17189.85,17166.0125,17076.3875,17124.8375,17110.9875,17155.225,17197.7625,17208.1,17235.7125,17148.5125,17007.5875,16994.7375,16911.6625
"W86",17382.6125,17247.45,17247.3,17245.25,17172.4875,17149.85,17265.4125,17291.2375,17334.1625,17207.125,17092.75,17047.425,16955.1375
"W87",1087.12,1085.09875,1080.82,1087.045,1094.805,1089.62375,1094.69625,1088.72875,1093.16625,1093.73125,1098.46625,1088.54625,1076.6375
"W88",12059.7875,12070.7875,12031.2625,12017.4375,11978.15,11966.05,11959.25,12109.5375,12091.7125,12110.275,12220.4625,12262.75,12203.4625
"W89",1246.02,1276.47125,1256.285,1292.22125,1331.4225,1333.30625,1246.28,1261.26875,1269.98,1292.92875,1267.70125,1258.65125,1223.62
"W90",1913.40625,1922.78875,1936.49375,1931.72,1938.09125,1931.615,1935.70375,1952.2475,1925.7,1938.0475,1922.63875,1945.5325,1878.2825
"W91",20389.1625,20439.175,20632.0375,20525.5375,20572.675,20663.3125,20540.325,20694.7375,20559.0625,20558.65,20286.55,20651.7125,19920.3375
"W92",24290.7,24649.8625,24476.1125,24512.15,24589.7625,24661.9625,24158.7,24215.925,24252.625,24619.4,23825.7125,23115.4,21996.5625
"W93",1743.7275,1728.965,1729.8975,1734.8975,1760.26625,1765.84,1758.6875,1752.5425,1761.44125,1754.065,1748.7675,1750.2775,1758.88375
"W94",1760.345,1746.6025,1716.4075,1752.7025,1760.44875,1760.96875,1798.185,1816.2525,1777.7975,1759.4225,1742.5675,1721.7975,1712.6675
"W95",1573.58125,1559.14,1551.44625,1562.7675,1587.7425,1586.15,1613.77625,1615.91,1601.96625,1598.5675,1566.83375,1539.8425,1551.0275
"W96",11374.5375,11439.125,11258.7625,11356.725,11479.3125,11474.75,11418.1875,11453.9,11476.7625,11556.2875,11534.0375,11569.2875,11712.2625
"W97",502.133,512.967625,499.35625,512.75825,515.90825,528.4625,505.5415,511.944125,509.03025,519.654375,501.933125,480.465125,465.632625
"W98",643.939125,657.882875,639.04575,652.218,653.16675,671.5235,646.574625,654.155875,648.0695,654.83725,637.9695,616.769375,610.78375
"W99",15355.4125,15259.2125,15240.7125,15190.2,15168.1,15145.875,15306.6375,15331.075,15359.4625,15344.2375,15380.4,15479.35,15490.8875
"W100",11348.0625,11445.15,11266.2625,11272.775,11262.4875,11447.3,11277.825,11348.075,11417.375,11394.7625,11425.6875,11524.925,11487.6625
"W101",9799.92,9841.36125,9783.63375,9854.7975,9894.12625,9946.96125,9877.12375,9879.53875,9951.9875,10025.3925,10064.57125,10051.90875,10129.54625
"W102",15859.5125,15938.225,15826.45,15877.2375,15967.8625,15922.2625,15927.2875,16198.8,16146.425,16017.4625,16117.1375,16374.9625,16409.15
"W103",4138.03375,4186.275,4027.88125,4107.79375,4126.3725,4228.68625,4136.67125,4224.17125,4231.77875,4223.2875,4161.1325,4125.9375,4044.2925
"W104",1040.24,1043.3925,1040.23375,1033.55875,1036.89,1039.97625,1035.0125,1042.5125,1039.62875,1038.85,1039.8625,1040.66875,1042.2375
"W105",9180.79875,9221.24375,9246.26625,9179.2925,9252.98,9267.575,9290.6525,9280.6475,9315.43875,9252.6725,9272.3175,9303.0425,9323.8175
"W106",2153.5075,2143.6725,2145.14625,2151.48,2175.93375,2174.1125,2171.16875,2161.015,2171.345,2169.95,2176.91875,2181.6925,2172.71625
"W107",23955.875,23846.85,23900.8125,24037.95,24038.8625,24186.2,24331.2875,24405.6,24470.6375,24386.95,24438.375,24378.575,24413.7875
"W108",16216.0125,16187.4875,16192.2,16245.175,16304.075,16322.0375,16273.35,16337.2,16295.075,16319.65,16354.45,16288.2375,16123.575
"W109",14404.6375,14472.1125,14384.125,14506.9,14478.0125,14597.1125,14441.0375,14445.3625,14624.85,14605.475,14500.6375,14469.3,14371.525
"W110",7277.79625,7206.77,7142.17625,7202.67875,7266.47125,7342.2325,7438.11375,7450.09625,7502.81875,7598.955,7602.54375,7576.565,7541.1375
"W111",1074.3675,1075.64625,1072.8775,1069.4725,1078.415,1083.0025,1079.33625,1070.58625,1077.1125,1080.5975,1077.29125,1069.27375,1061.035
"W112",9474.66,9535.83875,9474.92125,9472.235,9491.385,9511.2025,9507.21125,9564.56375,9625.4575,9619.55875,9723.09625,9822.75125,9887.74
"W113",743.951875,762.747625,734.26625,745.678875,774.9895,782.9225,713.719875,716.889375,724.318875,743.036,731.584125,750.462,754.16625
"W114",10521.3,10551.5625,10660.4875,10624.575,10596.3125,10635.2,10604.7625,10569.725,10525.925,10589.3875,10591.375,10827.425,10843.4875
"W115",11307.6,11296.8,11425.6,11419.6,11389.95,11466.025,11339.3875,11311,11298.95,11336.425,11360.6125,11613.5,11676.45
"W116",14579.9375,15093.1875,14288.1125,14819.3125,15186.7,15532.775,14882.425,15295.8375,15412.4625,15918.4875,15463.825,15277.675,15312.5625
"W117",7028.62375,7045.07625,7031.4175,7092.8225,7050.2175,7082.855,7064.475,7134.37875,7189.0025,7215.15625,7295.3,7377.56625,7373.67625
"W118",1734.05625,1735.1175,1721.35875,1730.7725,1753.5725,1760.35,1746.21875,1753.01,1748.21875,1748.05375,1750.5125,1750.90625,1762.98
"W119",995.19375,996.143375,973.772125,988.907875,1006.452625,1011.113625,1035.72375,1038.05375,1010.249,1003.39775,986.872,966.929875,970.93525
"W120",827.697375,823.989125,819.475125,810.282375,835.6595,843.899375,863.461,871.8445,845.826375,847.648875,821.8225,817.029625,837.688
"W121",10377.2125,10456.6625,10361.2125,10442.6125,10523.875,10543.8375,10431.5375,10486.225,10567.625,10595.55,10630.325,10626.4125,10720.975
"W122",371.226375,379.287,369.416875,376.896625,370.73775,385.4565,357.387,358.04625,356.592125,364.84425,365.11525,366.41775,358.0915
"W123",481.193625,490.086375,478.742375,488.751875,481.068375,497.5545,460.76525,462.6135,463.487625,472.154875,473.939375,472.628125,470.936375
"W124",8527.34875,8539.9575,8552.0025,8536.90625,8613.85,8625.855,8725.68875,8858.0325,8861.84625,8881.62125,8823.425,8835.12125,8988.37
"W125",10812.5375,10857.5125,10795.4625,10773.0625,10774.075,10969.2875,10885.3625,10817.05,10787.925,10865.95,10872.45,10956.025,10929.5
"W126",9495.7425,9592.43,9480.20375,9501.68125,9609.41,9662.81875,9605.84125,9660.2675,9690.22375,9723.505,9733.74625,9745.2225,9795.4575
"W127",10799.1125,10885.15,10832.6375,10917.1625,10804.075,10789.0625,10787.425,10892.8875,10921.25,10915.7125,11066.125,11261.625,11330.9625
"W128",3640.4375,3686.85,3568.275,3621.6325,3650.95625,3715.24,3650.69125,3669.95,3720.315,3673.63625,3601.23875,3572.335,3545.72625
"W129",1022.76125,1023.21375,1020.92,1024.1575,1021.219125,1023.90625,1023.49125,1026.99625,1025.49,1027.76625,1032.4225,1034.30875,1028.7675
"W130",8211.855,8166.54375,8178.685,8239.8725,8258.33875,8253.1275,8226.26,8279.81125,8294.71125,8281.67125,8325.81375,8318.6,8317.93375
"W131",2158.99625,2148.69375,2144.975,2146.9525,2181.14875,2178.80875,2169.63125,2164.845,2180.87,2182.2625,2175.08,2181.11125,2181.2975
"W132",22675.5125,22738,22723.575,22742.2125,22908.175,22827.2,23113.5,23110.5,23082.075,23165.1625,23213.8375,23231.025,23097.25
"W133",13806.4,13917.6,13753.9375,13908.8875,13927.35,13905.8375,13857.25,14055.7875,14024.55,14069.2,14094.325,14096.4,14166.5625
"W134",12005.65,12126.8,12050.9125,12111.3125,12143.2875,12270.475,12159.15,12199.5,12251.4375,12294.2625,12274.5125,12302.55,12279.85
"W135",6155.66375,6084.41125,6061.44875,6076.63125,6162.20375,6182.3025,6285.13625,6302.54625,6341.405,6373.345,6392.36625,6439.235,6405.30875
"W136",6401.595,6421.54125,6447.4025,6344.5225,6386.03625,6439.19125,6472.6775,6496.8325,6534.29125,6509.18625,6512.92,6587.62,6532.53375
"W137",7045.4175,7057.5025,7055.15625,7079.82875,7032.38375,7069.72,7060.4,7154.70625,7150.63375,7163.47,7248.0725,7372.69125,7304.23625
"W138",364.996625,378.6345,357.2505,368.372625,397.829875,396.739125,346.39475,349.903125,357.0675,362.055125,357.483625,369.97575,362.07075
"W139",7922.895,7893.0275,7995.06875,7989.675,8020.33375,8007.68125,8038.39875,7988.2575,7937.12375,7997.33875,7939.87375,8127.90125,8090.84625
"W140",8285.06,8326.4625,8414.9225,8361.71875,8434.7425,8448.12125,8330.48875,8384.6175,8316.98375,8434.9375,8347.58375,8507.3,8456.065
"W141",10855.45,11291.125,10633.7375,11125.3125,11258.1625,11491.5,11007.3125,11406.225,11435.55,11836.6875,11491.2625,11364.6125,11531.2375
"W142",5341.74,5390.40625,5398.88375,5394.05375,5387.44,5430.57875,5436.4275,5480.48125,5514.88625,5542.855,5632.73,5668.87625,5667.0725
"W143",11302.4125,11266.05,11183.4,11242.7875,11435.9,11435.8125,11405.4625,11365.9875,11452.3125,11469.0375,11420.975,11379.4,11416.425
"W144",970.17975,982.165125,959.518875,978.7335,994.655375,997.745875,1021.735,1035.69125,1014.397375,1002.948875,985.923875,960.468,966.7385
"W145",8177.61625,8236.95625,8072.3325,8094.91625,8315.35875,8369.635,8616.0125,8738.91125,8525.515,8581.51625,8365.5775,8207.195,8497.3225
"W146",6703.10125,6773.0925,6683.0975,6708.44875,6763.1975,6810.99625,6768.20375,6773.60875,6833.54,6886.6025,6920.21,6953.63875,6975.62125
"W147",127.3255,125.43025,125.56625,126.904875,112.802125,116.815125,104.169625,110.19875,106.9065,108.979,114.780875,118.65475,116.817625
"W148",226.262625,222.090125,224.429125,226.499375,209.537625,214.339125,194.132,202.339875,196.396125,199.524,206.984625,213.8295,222.109375
"W149",4463.4875,4501.08375,4465.48875,4473.135,4541.98125,4546.13375,4678.05,4767.78,4769.57625,4787.81625,4732.98375,4832.46625,4907.65125
"W150",8043.605,8029.505,7963.93,7999.545,8008.96,8130.125,8100.23875,8001.7475,8031.8075,8090.4825,8097.9375,8138.56,8083.8925
"W151",6301.99125,6321.65625,6254.09375,6308.39375,6377.04875,6402.30875,6335.05,6349.36625,6413.67875,6443.555,6447.90375,6469.49,6513.1825
"W152",8425.59875,8503.74625,8421.3575,8499.88,8385.37125,8409.8525,8402.26125,8526.67125,8491.31,8596.8375,8631.01375,8731.205,8682.70625
"W153",2978.1625,3008.1175,2895.13,2962.10625,2976.81125,3033.61375,2947.98375,2977.88625,3035.2925,2993.63375,2931.55625,2908.50375,2896.51625
"W154",8729.03,8758.84375,8736.89625,8708.4125,8742,8731.23125,8717.46375,8766.6525,8828.68375,8849.7225,8769.74,8786.465,8745.85125
"W155",4544.16,4557.70375,4590.55875,4634.65625,4612.81625,4634.8725,4622.97125,4644.77125,4641.8125,4641.41375,4676.57125,4679.90625,4667.76125
"W156",5451.65,5457.99,5475.08625,5500.80625,5498.3625,5541.89125,5524.37875,5568.68625,5541.62625,5561.46375,5607.34625,5600.58875,5611.29125
"W157",1423.7675,1423.80375,1416.91875,1423.63375,1440.36625,1446.20125,1437.3825,1436.00125,1445.85625,1442.1375,1439.0325,1436.25375,1441.5525
"W158",16469.9125,16511.6875,16531.625,16635.675,16658.9,16678.1375,16770.4375,16770.4625,16854,16801.825,16867.125,16831,16891.3625
"W159",9204.05625,9267.04375,9161.64625,9260.13125,9264.28,9323.3675,9333.9525,9354.38875,9345.71,9380.345,9411.2875,9405.4375,9461.855
"W160",7988.62375,8090.7825,7979.5625,8038.57625,8137.85375,8136.38875,8114.40125,8139.77625,8169.055,8220.42625,8203.985,8190.765,8310.44625
"W161",12059.7375,12129.625,12217.6875,12258.6125,12269.9125,12214.05,12235.575,12286.3625,12319.2625,12221.675,12235.1,12161.9,12279.25
"W162",4373.5075,4369.72,4354.02875,4353.03375,4425.4275,4441.62,4524.52125,4521.7425,4533.25875,4563.9275,4605.08125,4659.265,4611.4325
"W163",3782.1175,3770.975,3759.95625,3755.04,3780.455,3774.74625,3759.1,3772.44375,3792.60625,3812.16625,3801.67625,3765.5225,3763.87125
"W164",24400.7125,24436.0125,24203.225,24231.3375,24315.5625,24163.1,24256.65,24458.0625,24601.0125,24568.5,24917.4625,25289.4125,25685.2375
"W165",3767.96375,3810.86,3740.49875,3739.70375,3778.0525,3833.54125,3677.47125,3695.775,3702.79625,3789.945,3768.79625,3841.11625,3980.74875
"W166",2628.4525,2615.3225,2615.05,2612.5725,2572.24375,2574.14625,2577.8425,2576.26125,2573.0325,2577.7975,2617.4625,2665.565,2687.45625
"W167",3001.5225,2997.005,2996.45625,2980.17875,2953.3825,2976.16625,2925.55875,2940.94,2946.56,2967.2025,2990.7475,3038.62125,3089.08375
"W168",3737.79375,3855.1725,3672.31625,3732.5175,3934.5775,4079.71875,3894.5975,3962.49125,4013.23375,4100.23875,3951.49875,3841.1525,3722.7275
"W169",1645.95,1648.29,1647.495,1659.8375,1648.03875,1668.09125,1639.83,1652.23875,1660.785,1679.53125,1702.7,1730.07875,1739.04125
"W170",3573.62875,3577.7575,3601.4825,3600.13875,3591.99375,3606.1925,3583.6325,3611.825,3602.47625,3618.47125,3643.13125,3669.76375,3680.40125
"W171",6066.54375,6017.06,5988.935,6049.4225,6101.265,6025.36,6066.885,6050.87875,6104.805,6098.015,6116.96,6108.63,6181.4475
"W172",3668.34375,3677.57375,3666.29875,3682.8625,3713.7075,3721.98625,3717.82875,3736.895,3739.99625,3746.7925,3736.11375,3738.21625,3741.85625
"W173",3388.24875,3498.92125,3487.2675,3560.79125,3501.9775,3622.91875,3617.59125,3609.9425,3538.585,3532.86875,3477.2025,3504.045,3387.74625
"W174",2798.20875,2804.1825,2806.85125,2797.35125,2802.38,2814.97625,2801.5825,2811.9075,2801.23875,2815.7875,2803.73875,2824.7375,2831.595
"W175",3260.49875,3278.24625,3258.8675,3285.95125,3313.5025,3321.455,3312.795,3316.3825,3354.44375,3356.4825,3338.3625,3338.31875,3344.2575
"W176",2382.905,2401.3075,2451.40875,2466.795,2443.325,2422.27625,2474.23625,2507.19,2488.82125,2455.63625,2500.54125,2579.03625,2670.95625
"W177",6686.56625,6689.2,6688.64375,6648.37375,6799.45375,6923.5625,6934.635,6945.9625,6948.33625,7068.6975,6916.19125,6822.01375,6747.59125
"W178",1477.98,1473.39625,1473.00875,1477.2325,1486.31625,1488.27875,1495.43875,1497.78125,1506.3625,1494.4675,1499.34125,1492.62625,1480.50625
"W179",2715.2925,2712.99,2709.01,2740.57125,2720.2175,2715.58875,2737.57375,2743.8525,2725.12,2732.8425,2735.44125,2733.45625,2735.84375
"W180",7255.4925,7245.52625,7232.15625,7234.22625,7275.75375,7265.38,7229.22375,7210.9,7293.9675,7307.85625,7258.69125,7277.645,7350.4075
"W181",8772.34875,8770.60625,8760.51125,8744.05875,8789.6975,8795.0175,8839.05375,8871.03125,8870.46,8908.22,8976.28,8944.91875,8979.6
"W182",1325.28,1306.1025,1307.4075,1318.7375,1330.12625,1332.20375,1340.60375,1357.77375,1360.9325,1372.61,1390.92125,1381.35625,1363.6025
"W183",6080.515,6071.87,6040.71125,6029.2475,6079.16625,6103.4225,6113.555,6150.27375,6161.5475,6184.48375,6173.85,6166.57125,6185.2475
"W184",4615.77375,4623.60125,4598.525,4597.69625,4628.905,4636.7375,4625.3375,4625.17625,4669.23875,4693.765,4666.44625,4688.78125,4702.48375
"W185",4080.72,4085.75,4079.84375,4091.36625,4117.42875,4146.865,4109.82625,4126.81375,4139.0925,4157.0525,4121.5125,4129.7775,4144.36875
"W186",1739.42125,1726.855,1718.47625,1724.97125,1733.875,1728.42625,1741.17,1748.285,1757.47625,1766.17625,1762.905,1780.1425,1777.12375
"W187",948.051875,951.032625,940.92875,933.78075,939.759,939.46225,923.141375,925.93725,922.922,915.772875,894.326125,926.182,947.550125
"W188",2274.10625,2324.325,2279.405,2262.8525,2264.4475,2272.1225,2209.7625,2196.05875,2163.23625,2196.7175,2130.33125,2191.35625,2257.51625
"W189",2075.21125,2022.80875,2019.6075,1988.5175,2057.70375,1982.45,1940.98125,1914.65375,1927.2775,1803.01125,1631.45375,1781.13125,1836.755
"W190",458.68825,452.909625,449.915,447.987875,456.057625,449.355875,447.8185,452.802875,446.897,442.914625,427.763125,455.047625,458.746625
"W191",6474.2175,6275.70125,6436.9625,6201.935,6246.40625,6241.8925,5989.06,5962.92625,6144.47125,6016.38625,5673.40875,5871.3225,6045.4975
"W192",1202.785,1238.39375,1213.685,1205.8075,1208.53375,1210.52375,1157.42,1152.96125,1119.4175,1151.96125,1098.5025,1143.53875,1190.8125
"W193",5805.91375,5643.085,5504.97125,5462.7825,5427.3175,5254.5325,5236.92625,5243.15,5247.335,5353.8125,5229.265,5303.58,5480.4075
"W194",498.157625,513.36275,503.469875,497.520875,498.797625,507.67425,501.54225,489.392,494.336375,483.521,483.55825,481.747875,494.339
"W195",1049.99875,1048.1125,1051.54375,1053.07125,1095.45875,1090.9525,1095.3125,1104.25125,1062.44125,1069.9175,1005.673125,1096.48,1144.4875
"W196",9775.26875,9791.89875,9752.755,9482.0475,9437.3125,9290.1875,9161.0325,9340.5125,9268.00625,9465.90625,9615.96,9692.05,9948.15625
"W197",3499.685,3534.5625,3535.1125,3465.47,3573.0875,3561.06375,3511.28375,3502.0575,3453.5425,3479.57125,3389.02625,3514.2675,3667.65875
"W198",2452.33375,2367.24,2368.52875,2326.15625,2377.24375,2293.05875,2242.09,2223.73375,2221.81,2120.8975,1989.005,2162.9325,2178.4
"W199",811.71175,825.689125,804.21075,779.203625,775.7765,769.977625,747.75225,748.329125,724.154625,753.054125,753.898375,772.030625,780.72625
"W200",1812.70375,1872.50375,1793.04375,1787.675,1857.2575,1826.19875,1778.30875,1853.64875,1697.57625,1576.30125,1096.61375,1310.66,1452.03375
"W201",2033.70125,2019.85,2032.62375,2004.5275,2047.57,2031.09125,2015.69125,2044.6575,1985.4725,1998.72875,1956.345,2074.90875,2140.3525
"W202",4284.85,4341.39375,4308.86375,4273.09625,4294.59875,4291.1175,4230.86625,4232.79625,4165.8125,4198.64625,4094.40875,4234.0675,4378.88
"W203",5550.6875,5559.32625,5395.04125,5368.57,5370.31375,5218.17,5033.10375,5022.25,4777.075,4831.43625,4825.9175,5293.2775,5341.68875
"W204",7281.35,7380.53875,7310.455,7285.77,7325.145,7351.5,7315.22,7311.6975,7297.77625,7308.95875,7374.35625,7378.65375,7352.4425
"W205",12949.1125,12809.45,13227,14265.4125,14346.3125,15271.4375,14515.9375,13926.05,13144.85,13340.7875,13253.1,13351.575,12935.875
"W206",973.581125,1031.0575,961.0555,928.545,863.331125,790.61125,981.2325,942.689875,928.2705,933.15125,984.47725,1132.205,1080.10125
"W207",10425.4875,10507.4,10095.00625,10676.7375,11601.775,12808.575,11330.2125,11793.3375,12804.2,12798.6,12844.3,12824.0125,11920.5625
"W208",26737.65,25524.075,22700.025,23489.4,21459.9875,19914.8125,21127.3,24129.25,29057.9625,26221.225,22825.7125,23197.6125,27914.3875
"W209",4200.02625,4198.6425,4184.34125,4181.08625,4231.7175,4138.92875,4145.07375,4145.15625,4130.9575,4159.605,4155.28375,4152.3975,4135.74
"W210",8247.73375,7915.6625,8776.365,9228.3425,9264.13625,9562.46375,8448.315,8257.52375,7943.49,8074.355,7952.88,8442.64875,7823.5725
"W211",18920.25,19016.2375,19141.2,19110.025,18995.975,19019.425,19052.9,19050.225,19226.875,19185.9375,19157.2375,19405.925,19226.625
"W212",5514.1175,5440.0525,5402.0275,5814.5775,5920.55875,6125.3875,5857.93125,5853.90375,5874.825,5812.9475,5626.8125,5446.0675,5400.4275
"W213",3241.26,3321.82,3205.18,3260.8925,3143.48,3130.97625,3144.4875,3210.09625,3332.89,3417.14875,3271.87,3373.30875,3305.03875
"W214",1749.7875,1735.52875,1752.8125,1742.70125,1792.31,1779.07375,1832.095,1866.7125,1838.03625,1830.825,1839.4,1788.7975,1803.04625
"W215",2376.9925,2399.6575,2388.35625,2383.53,2440.4775,2478.0125,2481.4975,2491.0175,2480.21875,2470.5825,2473.0825,2478.64,2480.93375
"W216",3143.9175,3158.4625,3170.19125,3171.065,3204.42625,3257.95875,3259.0125,3259.495,3262.9875,3228.04375,3233.35125,3228.62,3248.13375
"W217",9966.495,10039.02625,9949.64125,9783.1125,9984.595,10007.29125,10006.06625,10092.665,10132.91875,10178.475,10173.6425,10127.715,10029.11625
"W218",9489.75125,9898.7325,9941.5275,9739.35375,9720.50125,9919.2525,9959.97125,9955.70125,10025.215,10006.83375,10040.63125,9998.67875,9995.92125
"W219",985.324375,987.86175,999.994,990.637125,980.54675,976.962375,1002.594125,985.886875,975.78325,987.822625,988.467875,983.183125,983.117875
"W220",1806.33,1797.8325,1777.80375,1794.90375,1790.885,1792.09875,1801.41625,1796.75375,1793.14,1784.86125,1812.08375,1800.10375,1794.08875
"W221",7328.78,7172.4525,6977.23375,7463.4475,7294.27875,7448.28,7020.73,7612.53875,7900.05125,8316.8225,7812.475,7731.39375,7778.85125
"W222",7689.72125,7426.9225,7065.97125,8170.15875,8958.4425,8755.75625,8073.81625,8203.91375,8330.18125,8560.53625,7956.1425,8002.99875,8057.1725
"W223",26263.1,26132.8625,26627.4875,26382.375,27304.1625,26367.625,26611.8125,26731.2125,26652.0125,24693.4375,27023.725,27072,26279.775
"W224",1718.86125,1761.99,1743.5525,1774.2875,1787.74875,1822.28875,1831.68875,2104.86125,2023.6825,2089.19625,2038.27875,2371.28375,2556.31125
"W225",1929.06625,1966.7925,1971.42,1979.44875,2002.19375,2126.89375,2027.185,2032.17,2095.4825,2599.2425,2813.7075,2371.6275,2251.9425
"W226",2837.48125,2753.2325,2686.1475,2648.3875,2517.5825,2640.52625,2554.5175,2537.73875,2445.76,2580.32375,2616.17875,2624.3825,2587.33
"W227",1354.79625,1413.82625,1380.2975,1448.915,1497.5725,1673.985,1581.32,1592.7625,1596.06,1958.26375,1999.255,1763.35875,1706.73625
"W228",7908.485,7933.685,7850.49375,7707.26875,7713.18125,8070.89125,7916.38,7916.47125,7934.6675,8231.84,8242.265,8366.5325,8142.56375
"W229",463.9885,457.1315,449.884375,438.26,414.99475,474.528625,424.378,444.0625,401.8505,492.22475,444.55625,450.508375,461.195875
"W230",3004.6325,3033.54125,3013.15125,2954.99875,2737.4775,3745.69875,3143.36125,3103.52625,3025.365,4487.05625,5097.8925,3862.0075,3463.92
"W231",587.492375,639.701625,671.7585,712.66525,797.84975,911.522375,986.93225,1029.718125,1071.2825,1262.2725,1369.0725,1288.3075,1299.84125
"W232",1916.57,1929.24,1956.0875,1985.19,2059.08375,2237.6325,2306.66375,2444.2225,2496.655,2875.99625,3144.6775,3308.8025,3201.52875
"W233",1036.7675,1039.5475,1026.17,1125.72,1135.72875,1284.37875,1234.82875,1262.305,1312.06,1551.00875,1720.9675,1720.20375,1639.96875
"W234",1836.91125,1814.9825,1856.24625,1845.13125,1865.45625,2131.44375,2082.45625,2120.4775,2067.37,1976.60875,3205.79375,2801.505,2814.66375
"W235",445.59,487.157125,521.9685,562.8815,590.6425,681.28825,728.37525,762.431,772.658875,889.717,995.873,1030.674625,1033.666625
"W236",3220.01125,3336.69375,3305.64,3345.54125,3311.47375,3667.16125,3524.46625,3648.885,3648.03,4184.55875,4240.7325,4187.90125,4167.05
"W237",1076.67625,1094.97625,1071.205,1092.725,1115.88625,1218.0375,1147.40375,1163.34125,1180.37375,1389.87,1453.175,1298.3125,1278.8775
"W238",374.692,369.756875,373.06875,395.216375,426.28075,486.72425,493.966625,521.4645,569.576875,673.626,740.23075,707.461625,678.017875
"W239",3803.93,3913.52,3978.30125,4094.9975,4207.24125,4548.5875,4616.34625,4794.5775,4999.3525,5964.855,6571.06625,6178.53625,6274.46125
"W240",2605.27125,2660.14375,2718.46375,2871.85125,3120.52625,3016.6775,3080.015,3117.16,3728.64875,3884.92375,3506.50625,3497.7,3516.16
"W241",1047.14625,1062.32375,1090.42125,1093.46625,1246.4575,1320.3225,1325.855,1269.07375,1480.20375,1756.85625,1626.485,1643.86125,1580.40375
"W242",1497.48125,1533.67375,1527.03375,1532.01125,1737.7025,1591.18125,1623.65,1638.485,2105.6325,2335.5275,1909.49875,1848.90625,1809.10125
"W243",1246.41625,1420.39625,1628.655,1897.355,2325.49375,2576.63125,2730.89,2898.07375,3206.26625,3477.455,3541.915,3614.36,3694.09625
"W244",816.091125,862.05275,898.39175,946.70275,995.027,1072.7675,1133.51,1212.5075,1276.78125,1333.7175,1407.5275,1432.5825,1445.275
"W245",2335.005,2357.21125,2329.25,2355.20125,2563.5275,2516,2569.04375,2602.9775,3036.77375,3198.26375,3129.445,3048.605,3108.58875
"W246",1183.9525,1202.47125,1241.4475,1280.5275,1611.8825,1590.8075,1522.85125,1477.4975,1708.08,1936.785,2066.54375,1968.7675,2059.68625
"W247",4553.84625,4569.595,4695.4625,4873.97375,5556.02875,5580.76625,5525.81375,5510.085,6306.63375,6714.86125,6118.29625,6098.19375,6120.33375
"W248",15909.1,17786.35,17816.4875,16358.0875,16214.35,17425.4875,17483.0625,17312.7125,17158.4125,16836.7375,16913.2,17229.4625,17186.4
"W249",22183.9,22391.625,22336.4875,21905.7,22011.7,21845.375,21776.1,21366.9375,21476.5375,22208.0125,22177.05,20923.4125,21283.925
"W250",3209.4375,3146.11875,3225.1925,3365.41125,3410.94125,3174.09625,3217.11375,3334.095,3392.87125,3209.61375,3283.37875,3442.1975,3574.90625
"W251",6730.19,6793.535,6761.17625,6764.12,6735.1625,6669.21375,6710.99625,6775.85875,6796.20625,6781.79125,6781.57125,6959.26875,6995.4875
"W252",8766.96375,8896.2475,8789.00125,8575.0725,8667.27625,8932.005,8924.14,8713.37,8729.6325,9040.2175,8984.84,8745.93875,8658.44375
"W253",12444.6625,12416.7125,12404.8125,12372.2375,12362.6125,12360.7625,12390.275,12263.5875,12328.95,12475.175,12454.65,12389.725,12381.4625
"W254",5901.17375,5845.26625,5899.69875,5983.42125,5950.605,5849.5275,5824.32125,5941.27125,5938.35125,5864.69125,5884.48375,5968.87125,5991.28875
"W255",1915.37625,1909.24,1912.7475,1906.9325,1900.99625,1900.15625,1878.255,1882.92625,1918.65375,1932.6275,1922.0025,1920.78375,1928.93375
"W256",2852.8825,2936.5475,2959.5775,3110.1375,3197.07375,2070.72625,2062.6875,2157.46875,2414.7925,2557.31875,2727.365,2639.30875,2844.93625
"W257",4044.265,4061.24625,4086.13625,4075.3375,4067.26125,4087.37375,4110.16,4099.665,4086.415,4092.44625,4086.93125,3608.07625,3769.8575
"W258",2165.55375,2164.25625,2151.60125,2114.22,2083.0125,2091.97625,2101.315,2088.46375,2132.805,2129.225,2107.22,2115.11875,2099.60375
"W259",7668.185,6713.45375,6472.63125,6171.89375,7917.71,6553.60875,6689.895,6346.12125,8158.05625,6850.2225,6622.94375,5686.59125,6017.9325
"W260",793.538,549.590375,695.17325,658.1315,1044.09125,598.97025,624.9905,575.889625,578.8315,593.972375,693.49125,625.151375,635.149
"W261",4800.925,4733.38625,4696.29,4687.3875,4853.8125,4721.895,4737.79875,4736.74375,4881.6875,4774.18125,4727.34125,4170.70625,4323.43125
"W262",4417.20875,4406.71,4367.38875,4378.59,4413.77375,4421.8525,4419.59125,4393.63125,4416.27375,4464.05625,4431.50625,4409.48125,4390.6075
"W263",2304.75125,2187.87875,2278.3525,2398.13125,2293.45625,2197.8625,2250.35125,2223.63125,2165.22625,2167.615,2155.2425,2225.24125,2527.26125
"W264",3856.5275,3897.9625,3706.86625,4116.72125,3743.00625,3902.4525,4108.02375,4358.87,4212.59625,4079.23125,4158.2825,4374.80375,4063.50375
"W265",2182.25125,2307.44375,2222.7075,2244.08875,2262.34125,2239.1925,2243.03125,2252.78375,2266.59625,2244.81375,2257.08625,2228.895,2262.14
"W266",2130.115,2281.38125,2177.36875,2243.9475,2274.1175,2266.58125,2267.19375,2278.365,2320.09375,2299.11125,2347.02625,2287.5375,2273.7225
"W267",3290.665,3307.755,3527.025,3570.985,3422.76375,3438.3725,3859.64625,3499.52875,3521.25375,3311.13,3349.86875,3379.9375,3323.3675
"W268",1351.74,1465.7875,1370.43,1392.73,1429.13625,1390.2275,1391.19,1377.1975,1390.4975,1374.58125,1391.0025,1354.005,1384.82125
"W269",1276.4175,1380.29625,1317.51375,1374.46875,1400.51125,1376.2575,1356.8475,1357.685,1415.19625,1356.6975,1420.39875,1385.90375,1391.78375
"W270",7595.30125,7510.64875,7558.38625,7624.4825,7653.11,7688.83,7774.655,7913.63875,7799.835,7751.69875,7738.545,7737.83,7628.77625
"W271",7439.53,7409.395,7457.6725,7487.14875,7467.01375,7480.12625,7604.54875,7656.71125,7599.99875,7602.91,7480.21375,7424.2875,7360.455
"W272",985.368375,985.26175,980.111875,972.65425,961.51025,964.026875,959.799,963.901,971.33875,965.447875,953.05675,960.301875,962.784
"W273",6424.25875,6481.52375,6476.215,6410.85375,6389.7225,6440.90375,6486.555,6511.3725,6582.655,6615.98375,6634.18875,6655.435,6617.6225
"W274",824.27,847.36525,850.03175,849.54175,842.778125,844.3015,854.293,863.7325,860.7985,860.974875,854.182875,852.8045,856.46575
"W275",8555.47125,8845.9,8654.7925,8693.4075,8659.23875,8820.78375,8965.8025,9012.05,8970.95375,9198.1825,8880.74625,8769.91125,8777.64125
"W276",11277.5375,11259.3375,11038.4125,11111.9375,11246.575,11597.1125,11555.325,11581.6125,11577.325,12396.1,12174.35,12018.9625,11800.0875
"W277",3239.0575,3233.65375,3239.61,3185.0975,3280.06,3218.845,3203.47125,3172.105,3206.75,3198.44875,3229.28,3208.50125,3189.36625
"W278",1308.36875,1417.47,1315.77375,1342.40375,1378.52875,1337.51,1338.80125,1337.83625,1361.30875,1330.89,1355.0875,1314.60875,1349.7625
"W279",1221.4925,1315.98875,1266.87875,1316.62625,1344.04625,1316.30125,1307.25,1310.59125,1363.9375,1312.575,1377.8125,1352.585,1348.6525
"W280",5366.87875,5356.73625,5400.45125,5396.18875,5368.62,5380.44375,5419.06125,5443.30625,5424.27125,5390.44,5457.3375,5482.5925,5449.89375
"W281",1767.53625,1790.03,1786.22875,1787.55375,1828.38125,1822.62125,1772.98,1787.81125,1811.99,1890.63,1936.9225,1934.515,1927.9075
"W282",2161.16375,2211.59875,2156.135,2160.8125,2170.625,2216.35125,2175.48,2207.32,2210.85875,2225.905,2282.68875,2285.99875,2274.715
"W283",335.674875,322.867,315.1,316.908125,316.04675,315.47475,316.078625,316.24375,321.543125,324.183625,324.997375,325.962125,325.688625
"W284",575.79775,577.914125,584.24625,580.44,587.610625,587.419,585.510375,577.5945,576.578125,592.612875,576.584,551.2825,566.496625
"W285",691.25475,687.154125,687.633125,685.867625,687.11325,687.737375,690.478,689.606375,697.22675,696.659,707.32625,703.104,718.536
"W286",10851.5375,10367.89375,9136.89125,8770.12375,8914.2825,8842.02125,8650.1275,8901.055,9521.185,9215.7625,8971.75125,9000.065,9653.0175
"W287",2227.51625,2240.225,2259.34625,2241.1,2306.535,2337.92625,2294.0825,2285.98125,2271.57625,2281.97,2286.295,2289.93375,2274.09625
"W288",7830.09375,7866.84,7809.05125,7793.39375,7821.63,7929.8525,7968.21,7993.51625,7960.615,7909.6875,7849.40125,7804.8475,7874.045
"W289",9911.4675,9935.4225,9941.47625,9929.5675,9876.36125,9945.6625,9984.83375,10011.865,9961.96,9955.61375,9978.3475,10028.68875,10210.275
"W290",14871.7875,14560.35,14168.3875,15699.4,16123.9375,16056.125,15009.3625,15854.7125,16230.65,16745.55,15746.6,15612.525,15605.075
"W291",8480.86875,8775.69125,8733.475,8585.46375,8354.6925,8877.39,8416.70875,8364.6825,8439.70875,8844.59625,8689.03625,8463.04125,8110.3025
"W292",18789.9375,19232.7125,19167.0125,18667.725,18266.1625,19261.5,18921.9125,18760.175,18651.1375,19243,19050.5125,18540.3875,18151.225
"W293",2016.5575,1978.0925,1819.65,1601.68625,2059.30625,1786.6,1731.05375,1552.7725,1854.1,1659.7675,1729.96375,1537.4825,1776.1975
"W294",1518.96375,1500.6275,1530.89125,1556.63,1493.20125,1484.775,1390.73625,1415.67125,1491.69,1620.6475,1297.3225,1347.475,1394.79875
"W295",2436.81,2840.36,2803.85875,2274.83875,2008.8375,2374.1,2278.21375,2719.39125,2696.6925,2503.385,2845.9375,2999.06125,2662.11125
"W296",2714.47625,2973.51,2763.91125,2383.58125,2119.08375,2977.90375,3401.21,3032.20625,2860.01625,2677.26625,3174.365,3067.13625,2778.61125
"W297",4602.87625,4670.14875,4563.28875,4104.49,3447.1075,5031.5425,5634.80625,4645.41125,5182.985,4584.3475,5257.91625,5479.995,4751.0525
"W298",3002.95375,3285.95125,2934.935,2719.75125,2359.7875,3566.32,3692.56125,3120.42875,3158.86875,3151.03375,3627.6275,3616.59875,3341.55875
"W299",3011.925,3060.115,3050.53,2770.81625,2329.0125,3296.78375,3892.54625,3139.19875,3383.0175,2981.4725,3223.78875,3447.83625,3076.9425
"W300",1595.5625,1617.67625,1651.26875,1453.7725,1164.685,1765.5775,1871.6625,1642.87375,1654.975,1639.1425,1760.71,1858.675,1707.01
"W301",2521.26,2605.17,2423.91625,2406.20875,2157.5675,2313.61375,2559.88375,2373.16625,2405.0875,2314.54125,2466.2025,2505.7975,2526.31125
"W302",2463.69375,2642.19125,2692.9,2196.95,1848.42375,2790.03625,2995.7175,2632.81125,2713.40625,2451.14125,2764.82125,2813.185,2697.125
"W303",4903.7475,5258.79875,4868.3225,4049.25625,3563.5875,4321.28375,5114.825,5059.29875,5103.28,4827.34875,5419.56625,5531.0075,5117.9375
"W304",2680.94625,2811.72375,2726.28625,2353.37875,1932.2325,3048.35,3287.2125,2866.82875,2750.5925,2449.865,2944.77,3000.565,2930.8775
"W305",2879.77625,2929.22375,2737.09875,2514.20125,2160.37375,2588.8975,2909.97875,3040.8325,2952.60125,2616.30375,3146.76625,2974.78625,2935.33125
"W306",2194.4725,2241.1975,1969.5925,1745.0775,1684.59375,2429.53625,2588.11875,2150.3675,2348.23125,2086.66875,2509.40875,2318.0675,2396.7625
"W307",3115.27375,3290.15,3246.82125,2803.52125,2290.38125,3499.27625,3948.00625,3242.14875,3295.8075,3017.75625,3542.51,3500.75375,3354.95625
"W308",1952.92875,2124.95625,2016.22375,1772.9075,1588.155,2344.2525,2357.81625,2124.1825,2084.91,2067.1225,2220.42625,2211.2925,2132.4625
"W309",6081.33125,6832.58,6971.7325,7072.46625,6327.27875,7111.53625,6841.55125,5857.28625,5932.3275,5564.7675,6189.72875,6533.345,6036.12875
"W310",4507.1175,4797.89625,4559.09,4500.4175,3883.48125,4616.745,5257.575,4497.20125,4578.61375,4255.67125,4769.1375,4510.06,4653.62625
"W311",4600.53125,4713.6275,4853.87125,4658.75375,3734.64125,4636.87,5482.4825,4708.47,4674.7075,4402.22875,4552.77375,4855.10375,4551.625
"W312",3781.0125,3919.96625,4211.07,4240.65625,3735.82625,4130.83625,4090.6175,3901.06375,3937.9375,3484.18375,3684.4675,3817.05875,3656.90625
"W313",1843.41125,1927.10375,1918.535,1860.54875,1558.80625,1419.6625,1434.77875,1469.995,1537.50375,1860.06625,1901.09625,1809.11125,1870.06375
"W314",7848.53875,7619.59625,7680.8525,7957.37375,6864.23625,7681.12375,7767.56125,6570.235,7054.1875,6546.76,7087.6075,7220.2775,6905.63625
"W315",4853.17125,4892.94375,5168.65,5006.2375,4271.17125,5157.75,5397.48,4946.32125,5258.43,4504.5975,4463.8775,4835.7975,4619
"W316",2629.055,2533.28875,2522.40875,2654.49625,2119.04,2502.54375,3148.84375,2541.9225,2639.19375,2506.2625,2637.6475,2831.27125,2743.32875
"W317",3548.6325,3841.46625,3965.56625,3855.5325,3403.72625,3543.0725,3442.75375,4150.12875,3770.75,3660.03,3976.385,3994.59,4114.795
"W318",3281.07125,3420.0075,3365.25,3429.03375,2964.215,3231.32375,3361.70125,3273.4475,3279.8,2993.795,3469.30875,3485.85875,3527.9925
"W319",2051.4475,2148.545,2346.97125,2446.2975,2045.4375,2388.5375,2471.0725,2217.5125,2132.405,1984.45625,2173.345,2240.35375,2254.44375
"W320",1792.9275,2114.6925,2206.65375,2030.19625,1649.8125,1934.40375,2117.88625,1790.20375,1771.1225,1712.40375,1868.35125,1913.45625,1828.39125
"W321",5989.56625,5578.30375,5609.38125,5902.845,5590.93375,7375.88,7569.34875,6637.95,6828.43125,6120.0475,6431.55875,6678.13625,6627.07
"W322",2173.60375,2296.155,2402.56375,2380.56875,2083.88375,2348.34875,2388.92625,2066.81875,2180.6425,2151.19375,2157.725,2288.4025,2157.88375
"W323",3578.06,4010.5175,4169.60125,3910.8225,3515.285,4298.92625,4739.98875,4075.23375,4381.59,4252.9025,4614.945,4311.67125,4088.60375
"W324",2088.47,2233.8275,2578.46125,2543.225,2192.965,2586.01625,3166.8075,2523.67875,2519.67375,2401.9875,2638.7675,2550.5075,2352.945
"W325",3706.07375,3981.5475,3799.3075,3777.4375,3104.94125,4013.23,4113.62,3399.11875,3569.6125,3293.04,3906.36875,3739.81,3963.97125
"W326",3357.3825,3387.85625,3510.88375,3588.1725,2965.7825,3609.78,3707.615,3550.035,3549.64125,3292.2425,3504.65125,3485.73,3413.07625
"W327",7489.7175,7919.17375,7823.53375,7514.5075,6667.8575,8836.11375,9541.425,8141.3275,8462.845,7692.03,9078.80875,8823.43875,8786.78625
"W328",2293.2075,2454.51125,2395.75375,2090.29125,1862.95125,2415.6075,2747.36875,2155.06875,2415.95375,2110.9725,2524.3675,2418.43375,2414.90875
"W329",8576.0725,8703.77125,8339.48375,8448.6675,7120.9975,7923.7275,9308.70625,8363.19,8132.48,7967.795,8652.7825,8589.05125,8067.5975
"W330",3131.08375,3203.215,3134.855,2934.05,2655.87375,3510.53375,3973.85875,3570.52625,3428.205,3101.04,3571.06125,3416.92875,3441.21375
"W331",5531.38625,5290.87875,5282.0925,5374.06,4517.30875,5575.78625,6185.13,5390.6525,5233.54,5251,5829.34,6077.35,5858.1475
"W332",3038.06,2791.1725,2987.995,2946.8125,2504.98125,3023.2525,3339.64625,3000.985,2913.19125,3141.92625,3411.2175,3173.77,2874.87125
"W333",2309.675,2448.50125,2548.93375,2463.8025,1982.44375,2368.13375,2635.44625,2328.35125,2413.31875,2263.45,2778.9175,2522.545,2436.05875
"W334",3717.40125,3594.5225,3465.7025,3314.86125,2859.55375,3773.32,4054.92625,3646.82375,4008.115,3496.24375,4092.16125,4093.285,3609.92375
"W335",3757.61,3953.8525,4245.1275,4063.23625,3228.48125,4076.86625,4263.73125,3959.01375,3688.6425,3755.68875,4066.4,4116.425,3675.85125
"W336",1419.20125,1441.63125,1619.63875,1686.75125,1341.74875,1537.815,1895.43,1504.845,1362.01,1317.8725,1534.665,1504.2675,1409.3375
"W337",1598.61875,1727.57625,1810.91125,1782.41375,1392.63625,1549.105,1552.355,1350.79625,1403.94625,1323.47875,1406.8525,1442.33375,1497.44375
"W338",1970.73375,1972.665,2127.74625,2141.19375,1660.47375,1924.11375,2127.51125,1893.46,1908.57,1771.11625,1866.80375,1997.8025,1845.17625
"W339",3668.85375,3658.4075,3246.715,3162.025,2790.2825,3637.94,4151.74125,3514.7875,3686.05,3456.78625,3657.73375,3888.66375,4146.9175
"W340",6018.7,6083.57125,6105.48875,6203.41875,5221.80125,6241.71625,6352.275,6049.4275,5795.02625,5639.60625,5971.47875,5873.18125,5802.58375
"W341",4778.9175,5256.30375,5167.325,4774.2125,3862.095,4571.6975,5076.1275,4278.73625,4422.64375,4229.83375,4576.8875,4736.2725,4402.89375
"W342",1094.75825,1149.145,1185.7075,1086.76875,926.065,1175.0375,1281.515,1237.93875,1159.58,1137.72325,1207.98375,1183.756125,1183.47
"W343",3318.245,3198.3025,3444.87125,3260.68125,2944.40625,3345.46875,3990.67125,3250.61,3327.395,3297.37125,3498.25125,3536.05875,3563.52375
"W344",3149.485,3127.28,2838.68875,2476.57,2097.17875,3335.815,3574.18875,3065.2475,3194.14125,2925.4275,3209.9025,3184.655,2869.00625
"W345",2881.32875,3068.83375,3199.74625,2802.88875,2222.29,2798.045,3260.69125,2842.38625,2912.16875,2910.40125,2834.74125,3190.4475,3470.99
"W346",5412.52875,5201.68125,5065.27375,4521.765,3828.56875,5469.94125,6233.4875,5079.06625,5768.08125,4933.005,5092.12625,5566.71375,5324.59875
"W347",3475.24875,3669.23625,3437.2225,3283.65875,2511.9675,3761.18125,3689.46375,3431.4075,3393.5675,3173.79,3560.0425,3681.9525,3428.12625
"W348",3512.135,3930.18,3891.12625,3523.2325,2968.59375,4167.04625,4288.14625,3937.03625,4240.3225,3892.57625,4100.90875,4035.35125,3864.1725
"W349",2629.67875,2482.895,2504.15,2508.3625,2466.75125,2428.24125,2440.19875,2698.11125,2650.685,2792.82125,2590.91875,2732.8375,2790.885
"W350",4163.17125,5147.4075,4783.98125,5352.6875,5509.48875,4204.40875,5418.35875,5523.33125,4488.26,4308.155,5394.06375,6609.625,5844.3525
"W351",1412.2525,1675.5425,1641.64375,1751.9825,2129.48625,1746.47125,1733.37625,2034.27375,1661.4075,1464.93625,1860.145,1737.75875,2071.13
"W352",1197.3125,1101.3625,1074.581375,1077.2875,1121.19,1043.390625,1014.609375,1045.86325,1054.789625,1256.04375,1046.561875,1047.75925,1105.860875
"W353",1758.7025,1497.06125,1478.5125,1279.22625,1098.884375,1513.05375,1706.7975,1375.315,1436.1675,1418.54125,1499.49125,1523.89625,1522.89
"W354",2904.78,2789.81125,2764.69625,2264.02625,2057.84375,3441.90375,3624.04625,3159.97125,3174.99,3183.81625,3497.15375,3261.67375,2941.68
"W355",2446.06875,2517.47,2799.25,2794.28125,2280.28125,2690.00125,2879.70375,2541.77625,2656.46,2581.12625,2751.5125,2746.68875,2659.3675
"W356",3988.1975,3962.71,3609.585,3246.61125,2821.36375,3705.405,4104.0775,3833.395,3633.31375,3626.84,3816.235,3838.49875,3941.33125
"W357",3222.14125,3298.26,3082.65,2739.85125,2369.3325,3406.45125,3706.10375,3215.085,3449.41,3441.4625,3528.08,3589.30375,3358.65125
"W358",5386.26375,4984.10625,5211.815,4271.45,3738.80375,4934.1775,5532.32125,4722.9225,5148.01125,4906.355,5321.57625,5169.0175,4894.32125
"W359",3341.31125,3093.09625,3378.63,2817.8,2331.7475,3082.7825,3373.68,3137.93125,3274.895,2918.12125,3105.505,3330.04875,3297.64375
